/*

  total number of paths where at all rows have at least one active logit:

    2^(r*c) - (sum|i=0...r-1|( r_C_i * [2^(c(r-i)) - 1] ) + 1);

*/

0.176787 0.0981634 0.116356 0.608693 
0.23952 0.121765 0.179831 0.458884 
0.141229 0.087418 0.106261 0.665092 
0.222264 0.123013 0.183343 0.47138 
0.108358 0.0758368 0.0946839 0.721121 
0.204572 0.12376 0.186482 0.485186 
0.0794274 0.0638391 0.0820049 0.774729 
0.185814 0.123516 0.188713 0.501957 
0.0553392 0.0519323 0.0687548 0.823974 
0.165527 0.121691 0.189303 0.52348 
0.0332103 0.0371188 0.0512838 0.878387 
0.146499 0.120337 0.190645 0.54252 
0.0175409 0.0240112 0.0348936 0.923554 
0.126743 0.116812 0.189379 0.567067 
0.0086873 0.0149124 0.0228076 0.953593 
0.102749 0.106703 0.180347 0.610201 
0.00415472 0.00901858 0.0144918 0.972335 
0.074703 0.0883663 0.160221 0.676709 
0.00194546 0.00534988 0.00900599 0.983699 
0.0512496 0.0697841 0.135789 0.743178 
0.000896727 0.00312572 0.00549449 0.990483 
0.0333154 0.0526565 0.109806 0.804222 
0.000409303 0.00180787 0.0033072 0.994476 
0.0206712 0.0381693 0.0850834 0.856076 
0.000186079 0.00104052 0.00197442 0.996799 
0.0123545 0.0267834 0.0636176 0.897245 
8.46701e-05 0.000598612 0.00117474 0.998142 
0.00717941 0.0183429 0.0462712 0.928206 
3.86965e-05 0.000345387 0.000699174 0.998917 
0.00409007 0.0123519 0.0329832 0.950575 
1.78027e-05 0.000200297 0.000417331 0.999365 
0.00229919 0.00822659 0.023184 0.96629 
8.25443e-06 0.000116891 0.000250214 0.999625 
0.00128142 0.00544261 0.0161438 0.977132 
3.85888e-06 6.8684e-05 0.000150813 0.999777 
0.000710415 0.00358749 0.0111731 0.984529 
1.81884e-06 4.06383e-05 9.14117e-05 0.999866 
0.000392637 0.00236063 0.00770305 0.989544 
8.64078e-07 2.4207e-05 5.57194e-05 0.999919 
0.000216645 0.00155262 0.00529819 0.992933 
4.13565e-07 1.45121e-05 3.41489e-05 0.999951 
0.000119446 0.00102149 0.00363908 0.99522 
1.99318e-07 8.75252e-06 2.10376e-05 0.99997 
6.58419e-05 0.000672563 0.00249764 0.996764 
9.66801e-08 5.30846e-06 1.30235e-05 0.999982 
3.62976e-05 0.000443271 0.00171362 0.997807 
4.71736e-08 3.2364e-06 8.09899e-06 0.999989 
2.0016e-05 0.000292479 0.00117558 0.998512 
2.31437e-08 1.98266e-06 5.05789e-06 0.999993 
1.10418e-05 0.000193207 0.000806511 0.998989 
1.14115e-08 1.22001e-06 3.17107e-06 0.999996 
6.09357e-06 0.000127776 0.000553373 0.999313 
5.65276e-09 7.53823e-07 1.99534e-06 0.999997 
3.36417e-06 8.4597e-05 0.000379751 0.999532 
2.81211e-09 4.67559e-07 1.25978e-06 0.999998 
1.858e-06 5.60685e-05 0.000260651 0.999681 
1.40448e-09 2.91036e-07 7.97875e-07 0.999999 
1.02649e-06 3.71972e-05 0.000178936 0.999783 
7.0402e-10 1.81756e-07 5.06806e-07 0.999999 
5.67278e-07 2.47003e-05 0.00012286 0.999852 
3.54098e-10 1.1386e-07 3.22798e-07 1 
3.13576e-07 1.6416e-05 8.43713e-05 0.999899 
1.7866e-10 7.15325e-08 2.06121e-07 1 
1.73372e-07 1.09189e-05 5.7948e-05 0.999931 
9.04085e-11 4.50619e-08 1.31932e-07 1 
9.58713e-08 7.26797e-06 3.9805e-05 0.999953 
4.58751e-11 2.84586e-08 8.46347e-08 1 
5.30216e-08 4.84109e-06 2.73451e-05 0.999968 
2.33376e-11 1.80157e-08 5.44074e-08 1 
2.93261e-08 3.22661e-06 1.87871e-05 0.999978 
1.19006e-11 1.14303e-08 3.50448e-08 1 
1.62212e-08 2.15183e-06 1.29084e-05 0.999985 
6.08226e-12 7.26755e-09 2.26153e-08 1 
8.97269e-09 1.43583e-06 8.86966e-06 0.99999 
3.11512e-12 4.63004e-09 1.46199e-08 1 
4.96318e-09 9.58557e-07 6.09477e-06 0.999993 
1.59862e-12 2.95529e-09 9.46691e-09 1 
2.74527e-09 6.40227e-07 4.18811e-06 0.999995 
8.21914e-13 1.88971e-09 6.13985e-09 1 
1.51841e-09 4.27798e-07 2.87796e-06 0.999997 
4.23324e-13 1.2104e-09 3.98801e-09 1 
8.39763e-10 2.85967e-07 1.97765e-06 0.999998 
2.18396e-13 7.76543e-10 2.59402e-09 1 
4.64391e-10 1.9123e-07 1.35896e-06 0.999998 
1.12851e-13 4.98971e-10 1.68959e-09 1 
2.56782e-10 1.27922e-07 9.3381e-07 0.999999 
5.83996e-14 3.21085e-10 1.10191e-09 1 
1.41968e-10 8.56001e-08 6.41646e-07 0.999999 
3.02642e-14 2.06906e-10 7.19524e-10 1 
7.84788e-11 5.72972e-08 4.40874e-07 1 
1.57049e-14 1.33509e-10 4.70389e-10 1 
4.33753e-11 3.83628e-08 3.02909e-07 1 
8.16002e-15 8.62588e-11 3.0786e-10 1 
2.39696e-11 2.56921e-08 2.08107e-07 1 
4.24488e-15 5.57985e-11 2.01702e-10 1 
1.32432e-11 1.72103e-08 1.42965e-07 1 
2.2108e-15 3.61375e-11 1.32288e-10 1 
7.3155e-12 1.15312e-08 9.82075e-08 1 
1.15268e-15 2.34305e-11 8.68471e-11 1 
4.04027e-12 7.72772e-09 6.74574e-08 1 
6.01604e-16 1.52078e-11 5.70682e-11 1 
2.23087e-12 5.17969e-09 4.63313e-08 1 
3.1431e-16 9.88129e-12 3.75349e-11 1 
1.23154e-12 3.47246e-09 3.1819e-08 1 
1.64367e-16 6.42672e-12 2.47088e-11 1 
6.79707e-13 2.32831e-09 2.18504e-08 1 
8.60316e-17 4.18389e-12 1.6279e-11 1 
3.75051e-13 1.56138e-09 1.50034e-08 1 
4.5069e-17 2.72628e-12 1.07338e-11 1 
2.06894e-13 1.0472e-09 1.03009e-08 1 
2.36298e-17 1.77809e-12 7.08301e-12 1 
1.14104e-13 7.02444e-10 7.07165e-09 1 
1.23989e-17 1.16066e-12 4.67741e-12 1 
6.29131e-14 4.7124e-10 4.85422e-09 1 
6.51087e-18 7.58264e-13 3.09106e-12 1 
3.46791e-14 3.16168e-10 3.33174e-09 1 
3.42135e-18 4.95763e-13 2.0441e-12 1 
1.91105e-14 2.12145e-10 2.2865e-09 1 
1.79912e-18 3.24389e-13 1.35267e-12 1 
1.05284e-14 1.42359e-10 1.569e-09 1 
9.46696e-19 2.12413e-13 8.95694e-13 1 
5.79867e-15 9.55371e-11 1.07652e-09 1 
4.98463e-19 1.3919e-13 5.93467e-13 1 
3.19281e-15 6.41192e-11 7.3853e-10 1 
2.62617e-19 9.12724e-14 3.93459e-13 1 
1.75751e-15 4.30362e-11 5.06598e-10 1 
1.38439e-19 5.98905e-14 2.61005e-13 1 
9.67146e-16 2.8887e-11 3.47459e-10 1 
7.30206e-20 3.93248e-14 1.7324e-13 1 
5.32059e-16 1.93906e-11 2.3828e-10 1 
3.8535e-20 2.58371e-14 1.15048e-13 1 
2.92617e-16 1.30166e-11 1.63387e-10 1 
2.03465e-20 1.69859e-14 7.64435e-14 1 
1.60884e-16 8.73819e-12 1.12019e-10 1 
1.07482e-20 1.11735e-14 5.08187e-14 1 
8.84286e-17 5.86623e-12 7.67904e-11 1 
5.6805e-21 7.35424e-15 3.38001e-14 1 
4.85896e-17 3.93828e-12 5.26339e-11 1 
3.00354e-21 4.84319e-15 2.24918e-14 1 
2.66905e-17 2.64399e-12 3.60713e-11 1 
1.58879e-21 3.19123e-15 1.49737e-14 1 
1.46569e-17 1.77511e-12 2.47175e-11 1 
8.40775e-22 2.10383e-15 9.97303e-15 1 
8.0462e-18 1.19176e-12 1.69349e-11 1 
4.45118e-22 1.38769e-15 6.64544e-15 1 
4.4158e-18 8.00132e-13 1.16013e-11 1 
2.35741e-22 9.15775e-16 4.42999e-15 1 
2.42268e-18 5.372e-13 7.94645e-12 1 
1.24898e-22 6.04631e-16 2.95432e-15 1 
1.32876e-18 3.60667e-13 5.44219e-12 1 
6.61944e-23 3.99387e-16 1.97099e-15 1 
7.28548e-19 2.42145e-13 3.72662e-12 1 
3.50941e-23 2.63933e-16 1.31546e-15 1 
3.99326e-19 1.62568e-13 2.55147e-12 1 
1.86117e-23 1.74496e-16 8.78284e-16 1 
2.18806e-19 1.09141e-13 1.74664e-12 1 
9.87362e-24 1.15416e-16 5.86613e-16 1 
1.19855e-19 7.32715e-14 1.19552e-12 1 
5.2396e-24 7.63709e-17 3.91945e-16 1 
6.56323e-20 4.91901e-14 8.18183e-13 1 
2.78125e-24 5.0555e-17 2.61966e-16 1 
3.59281e-20 3.3022e-14 5.59858e-13 1 
1.47673e-24 3.3479e-17 1.7515e-16 1 
1.96614e-20 2.21676e-14 3.83038e-13 1 
7.84292e-25 2.21794e-17 1.17144e-16 1 
1.07561e-20 1.48807e-14 2.62025e-13 1 
4.16645e-25 1.46991e-17 7.83731e-17 1 
5.88243e-21 9.98868e-15 1.79216e-13 1 
2.2139e-25 9.74515e-18 5.24502e-17 1 
3.21605e-21 6.70477e-15 1.22561e-13 1 
1.17667e-25 6.46316e-18 3.51125e-17 1 
1.7577e-21 4.50027e-15 8.38032e-14 1 
6.25535e-26 4.28799e-18 2.35129e-17 1 
9.60353e-22 3.0205e-15 5.72937e-14 1 
3.3261e-26 2.84581e-18 1.57496e-17 1 
5.24543e-22 2.02723e-15 3.91645e-14 1 
1.7689e-26 1.88929e-18 1.05524e-17 1 
2.86407e-22 1.36051e-15 2.67675e-14 1 
9.40943e-27 1.25469e-18 7.07218e-18 1 
1.56332e-22 9.13028e-16 1.8292e-14 1 
5.00614e-27 8.33508e-19 4.741e-18 1 
8.53048e-23 6.12692e-16 1.24983e-14 1 
2.66395e-27 5.53886e-19 3.17909e-18 1 
4.65336e-23 4.11137e-16 8.53848e-15 1 
1.4178e-27 3.68173e-19 2.13224e-18 1 
2.53753e-23 2.75867e-16 5.83226e-15 1 
7.547e-28 2.44801e-19 1.43046e-18 1 
1.38328e-23 1.85092e-16 3.98317e-15 1 
4.01801e-28 1.62817e-19 9.59895e-19 1 
7.53838e-24 1.2418e-16 2.71993e-15 1 
2.13947e-28 1.0832e-19 6.44272e-19 1 
4.10684e-24 8.33096e-17 1.85706e-15 1 
1.13939e-28 7.20839e-20 4.32533e-19 1 
2.23663e-24 5.58865e-17 1.26772e-15 1 
6.06865e-29 4.79819e-20 2.90442e-19 1 
1.2177e-24 3.74883e-17 8.65284e-16 1 
3.23271e-29 3.19471e-20 1.95072e-19 1 
6.62749e-25 2.51452e-17 5.90512e-16 1 
1.72225e-29 2.12761e-20 1.31044e-19 1 
3.60586e-25 1.68648e-17 4.02928e-16 1 